0 0.000000
1 0.000007
2 0.000053
3 0.000172
4 0.000396
5 0.000750
6 0.001256
7 0.001931
8 0.002791
9 0.003846
10 0.005103
11 0.006568
12 0.008243
13 0.010128
14 0.012218
15 0.014510
16 0.016997
17 0.019668
18 0.022515
19 0.025525
20 0.028685
21 0.031980
22 0.035396
23 0.038917
24 0.042525
25 0.046204
26 0.049936
27 0.053704
28 0.057490
29 0.061276
30 0.065046
31 0.068781
32 0.072467
33 0.076086
34 0.079623
35 0.083065
36 0.086398
37 0.089609
38 0.092687
39 0.095622
40 0.098406
41 0.101032
42 0.103494
43 0.105787
44 0.107910
45 0.109863
46 0.111647
47 0.113264
48 0.114722
49 0.116026
50 0.117187
51 0.118218
52 0.119132
53 0.119945
54 0.120678
55 0.121351
56 0.121989
57 0.122618
58 0.123268
59 0.123971
60 0.124762
61 0.125677
62 0.126759
63 0.128049
64 0.129595
65 0.131444
66 0.133650
67 0.136267
68 0.139353
69 0.142970
70 0.147181
71 0.152055
72 0.157661
73 0.164073
74 0.171368
75 0.179626
76 0.188930
77 0.199367
78 0.211026
79 0.224001
80 0.238386
81 0.254283
82 0.271794
83 0.291024
83 0.312083
84 0.335085
85 0.360144
86 0.387380
87 0.416917
88 0.448880
89 0.483398
90 0.520604
91 0.560635
92 0.603630
93 0.649731
94 0.699084
95 0.751840
96 0.808152
97 0.868174
98 0.932068
99 0.999995
100 1