0  0
1  0
2  0
3  0
4  0
5  0
6  0
7  0
8  0.00444444
9  0.00444444
10  0
11  0
12  0.00888889
13  0.0133333
14  0.0177778
15  0.00444444
16  0.0266667
17  0.04
18  0.0266667
19  0.0177778
20  0.0577778
21  0.0488889
22  0.0444444
23  0.0577778
24  0.0844444
25  0.0222222
26  0.0444444
27  0.0266667
28  0.0711111
29  0.0444444
30  0.0577778
31  0.08
32  0.0977778
33  0.0622222
34  0.0755556
35  0.0666667
36  0.0844444
37  0.08
38  0.0755556
39  0.0577778
40  0.102222
41  0.115556
42  0.12
43  0.0888889
44  0.0977778
45  0.12
46  0.115556
47  0.102222
48  0.111111
49  0.12
50  0.155556
51  0.12
52  0.124444
53  0.102222
54  0.0933333
55  0.0933333
56  0.155556
57  0.133333
58  0.124444
59  0.111111
60  0.155556
61  0.195556
62  0.133333
63  0.106667
64  0.0977778
65  0.155556
66  0.16
67  0.151111
68  0.155556
69  0.164444
70  0.195556
71  0.151111
72  0.106667
73  0.168889
74  0.168889
75  0.128889
76  0.186667
77  0.24
78  0.186667
79  0.222222
80  0.284444
81  0.253333
82  0.257778
83  0.266667
84  0.253333
85  0.377778
86  0.32
87  0.444444
88  0.48
89  0.453333
90  0.484444
91  0.546667
92  0.546667
93  0.635556
94  0.666667
95  0.688889
96  0.755556
97  0.791111
98  0.871111
99  0.924444
100  1
