0  0
1  0
2  8.88849e-05
3  0.000399982
4  0.00035554
5  0.000755522
6  0.00128883
7  0.0017777
8  0.00297765
9  0.00373317
10  0.00488867
11  0.00662193
12  0.00759966
13  0.00911071
14  0.0122661
15  0.0154215
16  0.0161326
17  0.020488
18  0.0216879
19  0.02391
20  0.0282654
21  0.0307097
22  0.0330208
23  0.0399093
24  0.0432425
25  0.0445758
26  0.0480868
27  0.0542198
28  0.0593307
29  0.0594196
30  0.0645749
31  0.0705302
32  0.0718635
33  0.0751522
34  0.0781299
35  0.0816408
36  0.0860851
37  0.0908848
38  0.0946625
39  0.0968846
40  0.0986178
41  0.102218
42  0.10164
43  0.105373
44  0.103906
45  0.110662
46  0.110351
47  0.115106
48  0.113284
49  0.113284
50  0.120128
51  0.120261
52  0.117773
53  0.11875
54  0.119906
55  0.121639
56  0.125328
57  0.122706
58  0.124261
59  0.127994
60  0.124039
61  0.123772
62  0.124706
63  0.12515
64  0.131461
65  0.130705
66  0.131194
67  0.133727
68  0.138572
69  0.141283
70  0.149549
71  0.151638
72  0.158304
73  0.160393
74  0.174614
75  0.178525
76  0.189414
77  0.204969
78  0.209413
79  0.219368
80  0.23519
81  0.253589
82  0.273366
83  0.288654
84  0.319275
85  0.334918
86  0.356118
87  0.383139
88  0.417004
89  0.44758
90  0.480645
91  0.524021
92  0.560331
93  0.606729
94  0.649171
95  0.698636
96  0.7497
97  0.805475
98  0.868361
99  0.931114
100  1
