0  0
1  2.2222e-05
2  2.2222e-05
3  0.000211109
4  0.000466661
5  0.000833324
6  0.00113332
7  0.0018222
8  0.00284441
9  0.00363329
10  0.00473328
11  0.00666659
12  0.00783325
13  0.0101221
14  0.0120999
15  0.0147665
16  0.0165665
17  0.0199776
18  0.021922
19  0.0252775
20  0.0289219
21  0.0321108
22  0.0342996
23  0.0385329
24  0.0427662
25  0.0452884
26  0.0495883
27  0.0542661
28  0.0582438
29  0.0613771
30  0.0666659
31  0.0683437
32  0.0747992
33  0.0736992
34  0.0789325
35  0.0806324
36  0.0861546
37  0.0895323
38  0.0926323
39  0.0953767
40  0.0976323
41  0.101777
42  0.102577
43  0.105321
44  0.106954
45  0.110643
46  0.110688
47  0.112988
48  0.113377
49  0.115076
50  0.117254
51  0.117443
52  0.119932
53  0.117788
54  0.121188
55  0.122165
56  0.12201
57  0.121343
58  0.123354
59  0.124088
60  0.124965
61  0.126699
62  0.126154
63  0.125099
64  0.128665
65  0.13051
66  0.135121
67  0.134565
68  0.141887
69  0.143476
70  0.146854
71  0.153387
72  0.158143
73  0.165887
74  0.172154
75  0.180009
76  0.189942
77  0.199653
78  0.209587
79  0.225209
80  0.236131
81  0.251064
82  0.272486
83  0.290052
84  0.308785
85  0.333719
86  0.360474
87  0.385662
88  0.416662
89  0.450406
90  0.482928
91  0.520416
92  0.561627
93  0.603004
94  0.648726
95  0.700459
96  0.753181
97  0.807802
98  0.868213
99  0.931379
100  1
